DATASET DE FEATURES — 19 PATRONES DE APERTURA DE GO
=================================================================

Patrones: 19
Features numéricas: 90
Columnas totales (incl. id, desc, rankings): 95


─────────────────────────────────────────────────────────────────
CAT1_BOARD  (19 features)
─────────────────────────────────────────────────────────────────
  Feature                            min       max      mean       std
  board_n_stones                   1.000     7.000     3.684     1.974
  board_n_black                    1.000     3.000     1.737     0.653
  board_n_white                    0.000     5.000     1.947     1.508
  board_n_empty                   74.000    80.000    77.316     1.974
  board_density                    0.012     0.086     0.045     0.024
  board_balance                   -0.429     1.000     0.104     0.444
  board_n_territory_line           0.000     6.000     2.632     2.087
  board_n_influence_line           0.000     2.000     1.053     0.621
  board_n_corner_3x3               0.000     3.000     1.105     1.150
  board_n_clusters_B               1.000     2.000     1.526     0.513
  board_n_clusters_W               0.000     3.000     1.368     0.831
  board_largest_group              1.000     4.000     1.632     0.895
  board_spread_B                   0.000     1.225     0.512     0.445
  board_spread_W                   0.000     1.100     0.380     0.420
  board_min_dist_BW               -1.000     3.000     1.368     1.383
  board_cm_B_r                     0.148     0.556     0.278     0.108
  board_cm_B_c                     0.167     0.556     0.329     0.131
  board_cm_W_r                    -1.000     0.444     0.089     0.489
  board_cm_W_c                    -1.000     0.778     0.123     0.521

─────────────────────────────────────────────────────────────────
CAT2_M1_ENERGY  (17 features)
─────────────────────────────────────────────────────────────────
  Feature                            min       max      mean       std
  m1_E_total                     -24.000    24.000     1.053    12.136
  m1_E_mean                       -0.074     0.074     0.003     0.037
  m1_E_std                         0.246     0.504     0.398     0.076
  m1_E_mean_active                -1.500     0.571    -0.155     0.662
  m1_E_std_active                  0.500     1.581     1.306     0.370
  m1_n_active_bonds                8.000    42.000    24.421    10.490
  m1_frac_active                   0.025     0.130     0.075     0.032
  m1_frac_En2                      0.012     0.025     0.015     0.005
  m1_frac_En1                      0.012     0.037     0.021     0.008
  m1_frac_E0                       0.870     0.975     0.925     0.032
  m1_frac_Ep1                      0.000     0.062     0.024     0.019
  m1_frac_Ep2                      0.000     0.031     0.015     0.009
  m1_frac_Eneg                     0.025     0.056     0.036     0.011
  m1_frac_Epos                     0.000     0.093     0.039     0.027
  m1_E_asym                       -0.049     0.056     0.003     0.026
  m1_E_skewness                   -0.751     0.593    -0.102     0.349
  m1_E_kurtosis                   -2.000    -0.739    -1.470     0.341

─────────────────────────────────────────────────────────────────
CAT3_M1_ENTROPY  (7 features)
─────────────────────────────────────────────────────────────────
  Feature                            min       max      mean       std
  m1_S_shannon                     2.023     3.679     3.033     0.496
  m1_S_gibbs                       1.410     5.781     5.124     1.556
  m1_S_boltzmann                  39.803   168.790   108.645    40.083
  m1_H_hist                        0.133     0.546     0.356     0.128
  m1_T_eff                         0.167    50.000    21.453    22.713
  m1_T_eff_is_inf                  0.000     1.000     0.368     0.496
  m1_lnW_per_bond                  0.123     0.521     0.335     0.124

─────────────────────────────────────────────────────────────────
CAT4_AL_ENERGY  (13 features)
─────────────────────────────────────────────────────────────────
  Feature                            min       max      mean       std
  al_E_total                      -8.000     0.000    -1.895     2.787
  al_E_mean                       -0.025     0.000    -0.006     0.009
  al_E_std                         0.000     0.208     0.085     0.093
  al_E_mean_active                -1.000     0.000    -0.190     0.302
  al_E_std_active                  0.000     1.000     0.383     0.465
  al_n_active_bonds                0.000    14.000     5.053     5.632
  al_frac_active                   0.000     0.043     0.016     0.017
  al_frac_En1                      0.000     0.025     0.011     0.012
  al_frac_E0                       0.957     1.000     0.984     0.017
  al_frac_Ep1                      0.000     0.019     0.005     0.007
  al_frac_Eneg                     0.000     0.025     0.011     0.012
  al_frac_Epos                     0.000     0.019     0.005     0.007
  al_E_asym                       -0.025     0.000    -0.006     0.009

─────────────────────────────────────────────────────────────────
CAT5_AL_ENTROPY  (7 features)
─────────────────────────────────────────────────────────────────
  Feature                            min       max      mean       std
  al_S_shannon                     0.000     2.639     1.114     1.213
  al_S_gibbs                       2.079     5.781     5.582     0.848
  al_S_boltzmann                   0.000    63.462    23.405    26.022
  al_H_hist                       -0.000     0.208     0.077     0.086
  al_T_eff                         0.000    50.000     6.073    15.570
  al_T_eff_is_inf                  0.000     1.000     0.105     0.315
  al_lnW_per_bond                  0.000     0.196     0.072     0.080

─────────────────────────────────────────────────────────────────
CAT6_MAP_M1  (15 features)
─────────────────────────────────────────────────────────────────
  Feature                            min       max      mean       std
  map_E_total                    -24.000    24.000     1.053    12.136
  map_E_mean                      -0.296     0.296     0.013     0.150
  map_E_std                        0.611     1.079     0.871     0.148
  map_E_max                        0.000     4.000     3.263     1.522
  map_E_min                       -4.000    -2.000    -3.368     0.955
  map_E_range                      4.000     8.000     6.632     1.640
  map_n_pos_cells                  0.000    10.000     5.105     2.923
  map_n_neg_cells                  2.000    10.000     4.789     2.463
  map_n_zero_cells                66.000    76.000    71.105     2.807
  map_frac_pos                     0.000     0.123     0.063     0.036
  map_frac_neg                     0.025     0.123     0.059     0.030
  map_S_shannon                    1.561     2.659     2.203     0.309
  map_S_boltzmann                  2.908     4.147     3.487     0.449
  map_T_eff                        0.267    50.000    21.548    22.792
  map_T_eff_is_inf                 0.000     1.000     0.368     0.496

─────────────────────────────────────────────────────────────────
CAT7_COMPARE  (12 features)
─────────────────────────────────────────────────────────────────
  Feature                            min       max      mean       std
  cmp_delta_S_shannon              1.040     3.121     1.919     0.847
  cmp_delta_S_boltzmann           39.803   111.481    85.240    20.484
  cmp_delta_S_gibbs               -4.371     3.701    -0.458     1.848
  cmp_delta_H_hist                 0.133     0.363     0.279     0.065
  cmp_delta_E_total              -24.000    26.000     2.947    13.685
  cmp_delta_T_eff                -44.708    50.000    15.380    29.736
  cmp_delta_n_active               8.000    28.000    19.368     5.852
  cmp_ratio_S_shannon              1.394  9999.000  5263.329  5128.624
  cmp_ratio_S_boltzmann            2.660  9999.000  5264.029  5127.865
  cmp_ratio_n_active               3.000  9999.000  5264.147  5127.737
  m1_stirling_residual            -8.032    -3.253    -6.678     1.534
  al_stirling_residual            -3.776     0.000    -1.556     1.723


=================================================================
TABLA COMPLETA — FEATURES PRINCIPALES
=================================================================
 id  board_n_stones  board_balance  m1_S_shannon  m1_S_boltzmann  m1_T_eff  al_S_shannon  al_S_boltzmann  al_T_eff  cmp_delta_S_shannon  cmp_ratio_S_boltzmann  rank_M1_S_shannon
 1b               1       1.000000      2.022809       39.802746  0.166667      0.000000        0.000000  0.000000             2.022809            9999.000000                 18
 2b               1       1.000000      2.022809       39.802746  0.166667      0.000000        0.000000  0.000000             2.022809            9999.000000                 18
 3b               2       0.000000      2.715956       79.403259 50.000000      0.000000        0.000000  0.000000             2.715956            9999.000000                 14
 4b               2       0.000000      2.715956       79.403259 50.000000      0.000000        0.000000  0.000000             2.715956            9999.000000                 14
 5b               5      -0.200000      3.342306      131.687881  7.233333      2.302585       46.369419  1.066667             1.039721               2.839973                  8
 6b               6      -0.333333      3.524627      151.028020  4.055556      2.484907       55.380108  2.666667             1.039721               2.727117                  4
 7b               2       0.000000      2.715956       79.403259 50.000000      0.000000        0.000000  0.000000             2.715956            9999.000000                 14
 8b               3       0.333333      3.121421      110.299303  4.500000      0.000000        0.000000  0.000000             3.121421            9999.000000                  9
 9b               5      -0.200000      3.406109      139.026281  5.291667      2.079442       39.802746 50.000000             1.326668               3.492882                  6
10b               2       1.000000      2.715956       70.906269  0.166667      0.000000        0.000000  0.000000             2.715956            9999.000000                 14
11b               2       0.000000      2.715956       79.403259 50.000000      0.000000        0.000000  0.000000             2.715956            9999.000000                 14
12b               6      -0.333333      3.578011      157.850653  3.473684      2.302585       46.369419  1.066667             1.275426               3.404197                  2
13b               2       0.000000      2.715956       79.403259 50.000000      0.000000        0.000000  0.000000             2.715956            9999.000000                 14
14b               7      -0.428571      3.678778      168.789799  2.928571      2.639057       63.461707  6.857143             1.039721               2.659711                  1
15b               5      -0.200000      3.342306      131.687881  7.233333      2.302585       46.369419  1.066667             1.039721               2.839973                  7
16b               3       0.333333      3.121421      110.299303  4.500000      0.000000        0.000000  0.000000             3.121421            9999.000000                  9
17b               6       0.000000      3.524627      152.954209 50.000000      2.484907       55.380108  2.666667             1.039721               2.761898                  4
18b               4       0.000000      3.119162      110.299303 50.000000      2.079442       35.554251  0.000000             1.039721               3.102282                 11
19b               6       0.000000      3.524627      152.800058 17.888889      2.484907       56.004262 50.000000             1.039721               2.728365                  4

=================================================================
MATRIZ DE CORRELACIÓN — ENTROPÍAS
=================================================================
                   m1_S_shannon  m1_S_gibbs  m1_S_boltzmann  m1_H_hist  al_S_shannon  al_S_gibbs  al_S_boltzmann  board_n_stones  m1_n_active_bonds  al_n_active_bonds
m1_S_shannon              1.000       0.717           0.987      0.988         0.831      -0.046           0.838           0.944              0.973              0.836
m1_S_gibbs                0.717       1.000           0.658      0.671         0.406      -0.104           0.398           0.535              0.592              0.397
m1_S_boltzmann            0.987       0.658           1.000      1.000         0.880      -0.014           0.894           0.979              0.996              0.891
m1_H_hist                 0.988       0.671           1.000      1.000         0.876      -0.016           0.889           0.977              0.994              0.887
al_S_shannon              0.831       0.406           0.880      0.876         1.000      -0.198           0.992           0.947              0.893              0.991
al_S_gibbs               -0.046      -0.104          -0.014     -0.016        -0.198       1.000          -0.117          -0.043              0.006             -0.131
al_S_boltzmann            0.838       0.398           0.894      0.889         0.992      -0.117           1.000           0.962              0.912              1.000
board_n_stones            0.944       0.535           0.979      0.977         0.947      -0.043           0.962           1.000              0.989              0.961
m1_n_active_bonds         0.973       0.592           0.996      0.994         0.893       0.006           0.912           0.989              1.000              0.910
al_n_active_bonds         0.836       0.397           0.891      0.887         0.991      -0.131           1.000           0.961              0.910              1.000